# relative_time, cycles_done, cur_item, corpus_count, pending_total, pending_favs, map_size, saved_crashes, saved_hangs, max_depth, execs_per_sec, total_execs, edges_found, total_crashes, servers_count
60, 0, 0, 369, 369, 2, 8.50%, 0, 0, 2, 421.65, 24295, 1806, 0, 0
65, 0, 0, 409, 409, 2, 8.58%, 0, 0, 2, 396.58, 26311, 1822, 0, 0
70, 0, 0, 432, 432, 2, 8.74%, 0, 0, 2, 427.41, 28137, 1857, 0, 0
75, 0, 0, 454, 454, 2, 8.76%, 0, 0, 2, 425.51, 30347, 1861, 0, 0
81, 0, 0, 468, 468, 2, 8.78%, 0, 0, 2, 420.90, 32501, 1865, 0, 0
86, 0, 0, 484, 484, 2, 8.79%, 0, 0, 2, 417.95, 34685, 1866, 0, 0
91, 0, 0, 501, 501, 2, 8.86%, 0, 0, 2, 422.44, 36876, 1881, 0, 0
96, 0, 0, 513, 513, 2, 8.86%, 0, 0, 2, 417.29, 38944, 1882, 0, 0
101, 0, 0, 521, 521, 2, 8.86%, 0, 1, 2, 418.50, 40602, 1882, 0, 0
106, 0, 0, 531, 531, 2, 8.88%, 0, 1, 2, 424.86, 42791, 1885, 0, 0
111, 0, 0, 538, 538, 2, 8.89%, 0, 1, 2, 424.66, 44984, 1889, 0, 0
117, 0, 0, 546, 546, 2, 8.90%, 0, 1, 2, 427.91, 46801, 1890, 0, 0
122, 0, 0, 554, 554, 2, 8.91%, 0, 1, 2, 417.46, 48969, 1892, 0, 0
127, 0, 0, 563, 563, 2, 8.97%, 0, 1, 2, 420.08, 51160, 1906, 0, 0
132, 0, 0, 567, 567, 2, 8.99%, 0, 1, 2, 425.62, 53372, 1909, 0, 0
137, 0, 0, 571, 571, 2, 9.00%, 0, 1, 2, 400.81, 55480, 1912, 0, 0
142, 0, 0, 576, 576, 2, 9.04%, 0, 1, 2, 417.62, 57635, 1919, 0, 0
148, 0, 0, 582, 582, 2, 9.05%, 0, 1, 2, 424.47, 59837, 1921, 0, 0
153, 0, 0, 588, 588, 2, 9.05%, 0, 1, 2, 422.86, 62039, 1922, 0, 0
158, 0, 0, 592, 592, 2, 9.07%, 0, 1, 2, 390.58, 63890, 1927, 0, 0
163, 0, 0, 601, 601, 2, 9.08%, 0, 1, 2, 417.42, 66098, 1929, 0, 0
168, 0, 0, 602, 602, 2, 9.08%, 0, 1, 2, 424.76, 68289, 1929, 0, 0
173, 0, 0, 602, 602, 2, 9.08%, 0, 1, 2, 418.77, 70425, 1929, 0, 0
179, 0, 0, 605, 605, 2, 9.09%, 0, 1, 2, 419.83, 72614, 1930, 0, 0
184, 0, 0, 608, 608, 2, 9.09%, 0, 1, 2, 421.66, 74724, 1931, 0, 0
189, 0, 457, 610, 608, 132, 9.10%, 0, 1, 3, 426.55, 76935, 1932, 0, 0
194, 0, 457, 635, 633, 132, 9.10%, 0, 1, 3, 463.23, 79380, 1933, 0, 0
199, 0, 457, 646, 644, 132, 9.10%, 0, 1, 3, 471.00, 81833, 1933, 0, 0
204, 0, 457, 658, 656, 132, 9.10%, 0, 1, 3, 472.88, 84302, 1933, 0, 0
209, 0, 457, 664, 662, 132, 9.11%, 0, 1, 3, 464.60, 86541, 1934, 0, 0
215, 0, 457, 673, 671, 132, 9.11%, 0, 1, 3, 471.15, 88989, 1934, 0, 0
220, 0, 672, 682, 679, 131, 9.11%, 0, 1, 4, 473.37, 91363, 1935, 0, 0
225, 0, 672, 686, 683, 131, 9.12%, 0, 1, 4, 477.25, 93853, 1936, 0, 0
230, 0, 672, 688, 685, 131, 9.13%, 0, 1, 4, 480.25, 96324, 1939, 0, 0
235, 0, 672, 692, 689, 131, 9.13%, 0, 1, 4, 481.21, 98791, 1939, 0, 0
240, 0, 672, 693, 690, 131, 9.15%, 0, 1, 4, 450.83, 100982, 1943, 0, 0
245, 0, 672, 699, 696, 131, 9.15%, 0, 1, 4, 473.23, 103448, 1944, 0, 0
250, 0, 540, 702, 696, 130, 9.16%, 0, 1, 4, 420.75, 105549, 1946, 0, 0
255, 0, 540, 711, 705, 130, 9.16%, 0, 1, 4, 452.00, 107872, 1946, 0, 0
260, 0, 540, 715, 709, 130, 9.18%, 0, 1, 4, 457.03, 109774, 1949, 0, 0
265, 0, 540, 719, 713, 130, 9.18%, 0, 1, 4, 465.77, 111684, 1950, 0, 0
270, 0, 540, 722, 716, 130, 9.18%, 0, 1, 4, 465.60, 114045, 1950, 0, 0
276, 0, 540, 727, 721, 130, 9.18%, 0, 1, 4, 462.66, 116393, 1950, 0, 0
281, 0, 540, 730, 724, 130, 9.20%, 0, 1, 4, 465.68, 118763, 1953, 0, 0
286, 0, 540, 735, 729, 130, 9.20%, 0, 1, 4, 466.46, 121120, 1953, 0, 0
291, 0, 540, 737, 731, 130, 9.20%, 0, 1, 4, 461.56, 123403, 1953, 0, 0
296, 0, 540, 741, 735, 130, 9.21%, 0, 1, 4, 408.23, 125354, 1956, 0, 0
301, 0, 540, 743, 737, 130, 9.22%, 0, 1, 4, 440.62, 127592, 1959, 0, 0
306, 0, 540, 744, 738, 130, 9.22%, 0, 1, 4, 419.97, 129719, 1959, 0, 0
311, 0, 540, 744, 738, 130, 9.22%, 0, 1, 4, 408.66, 131767, 1959, 0, 0
316, 0, 540, 750, 744, 130, 9.23%, 0, 1, 4, 449.79, 134161, 1961, 0, 0
321, 0, 540, 752, 746, 130, 9.23%, 0, 1, 4, 460.08, 136522, 1961, 0, 0
326, 0, 540, 753, 747, 130, 9.23%, 0, 1, 4, 462.07, 138878, 1961, 0, 0
331, 0, 540, 756, 750, 130, 9.23%, 0, 1, 4, 462.05, 141221, 1961, 0, 0
336, 0, 540, 758, 752, 130, 9.23%, 0, 1, 4, 460.90, 143566, 1961, 0, 0
341, 0, 640, 761, 752, 139, 9.25%, 0, 1, 5, 419.48, 145567, 1964, 0, 0
346, 0, 416, 762, 749, 135, 9.25%, 0, 1, 5, 393.52, 147509, 1964, 0, 0
352, 0, 414, 769, 753, 133, 9.26%, 0, 1, 5, 421.38, 149637, 1966, 0, 0
357, 0, 414, 786, 770, 133, 9.26%, 0, 1, 5, 421.63, 151916, 1966, 0, 0
362, 0, 414, 793, 777, 133, 9.26%, 0, 1, 5, 387.72, 153813, 1966, 0, 0
367, 0, 414, 798, 782, 133, 9.26%, 0, 1, 5, 393.36, 155787, 1966, 0, 0
372, 0, 414, 807, 791, 133, 9.26%, 0, 1, 5, 436.10, 158015, 1966, 0, 0
377, 0, 414, 812, 796, 133, 9.26%, 0, 1, 5, 448.85, 160298, 1966, 0, 0
382, 0, 792, 817, 800, 127, 9.26%, 0, 1, 5, 448.62, 162570, 1966, 0, 0
387, 0, 792, 826, 809, 127, 9.26%, 0, 1, 5, 429.59, 164757, 1966, 0, 0
392, 0, 792, 834, 817, 127, 9.26%, 0, 1, 5, 424.80, 166949, 1966, 0, 0
397, 0, 792, 836, 819, 127, 9.26%, 0, 1, 5, 422.09, 169115, 1966, 0, 0
403, 0, 792, 841, 824, 127, 9.27%, 0, 1, 5, 416.41, 171254, 1968, 0, 0
408, 0, 792, 844, 827, 127, 9.27%, 0, 1, 5, 435.58, 173483, 1968, 0, 0
413, 0, 792, 848, 831, 127, 9.27%, 0, 1, 5, 423.90, 175687, 1968, 0, 0
418, 0, 849, 854, 834, 125, 9.27%, 0, 1, 7, 433.01, 177847, 1968, 0, 0
423, 0, 849, 860, 840, 125, 9.27%, 0, 1, 7, 451.11, 180132, 1968, 0, 0
428, 0, 849, 861, 841, 125, 9.27%, 0, 1, 7, 456.05, 182452, 1968, 0, 0
433, 0, 849, 863, 843, 125, 9.27%, 0, 1, 7, 453.15, 184752, 1968, 0, 0
438, 0, 849, 867, 847, 125, 9.27%, 0, 1, 7, 456.30, 187066, 1968, 0, 0
443, 0, 849, 870, 850, 125, 9.27%, 0, 1, 7, 453.25, 189355, 1969, 0, 0
448, 0, 869, 884, 863, 124, 9.30%, 0, 1, 8, 457.23, 191661, 1974, 0, 0
453, 0, 869, 895, 874, 124, 9.30%, 0, 1, 8, 459.87, 194006, 1975, 0, 0
458, 0, 869, 899, 878, 124, 9.30%, 0, 1, 8, 463.99, 196365, 1975, 0, 0
463, 0, 869, 904, 883, 124, 9.30%, 0, 1, 8, 460.13, 198686, 1976, 0, 0
469, 0, 869, 905, 884, 124, 9.30%, 0, 1, 8, 460.80, 201051, 1976, 0, 0
474, 0, 869, 910, 889, 124, 9.31%, 0, 1, 8, 448.60, 203345, 1977, 0, 0
479, 0, 880, 919, 897, 132, 9.31%, 0, 1, 9, 27.30, 205109, 1978, 0, 0
483, 0, 880, 922, 900, 132, 9.31%, 0, 1, 9, 442.27, 207023, 1978, 0, 0
