# relative_time, cycles_done, cur_item, corpus_count, pending_total, pending_favs, map_size, saved_crashes, saved_hangs, max_depth, execs_per_sec, total_execs, edges_found, total_crashes, servers_count
61, 0, 0, 498, 498, 2, 8.97%, 0, 1, 2, 641.79, 37695, 1904, 0, 0
66, 0, 0, 510, 510, 2, 8.97%, 0, 2, 2, 628.07, 40216, 1906, 0, 0
71, 0, 0, 522, 522, 2, 8.98%, 0, 2, 2, 623.49, 43468, 1908, 0, 0
76, 0, 0, 541, 541, 2, 9.01%, 0, 2, 2, 647.97, 46481, 1914, 0, 0
81, 0, 0, 553, 553, 2, 9.03%, 0, 2, 2, 639.65, 49757, 1918, 0, 0
86, 0, 0, 561, 561, 2, 9.12%, 0, 2, 2, 643.27, 52981, 1936, 0, 0
91, 0, 0, 569, 569, 2, 9.13%, 0, 2, 2, 643.25, 56217, 1939, 0, 0
96, 0, 0, 578, 578, 2, 9.18%, 0, 2, 2, 634.64, 59496, 1949, 0, 0
102, 0, 0, 587, 587, 2, 9.18%, 0, 2, 2, 641.84, 62727, 1950, 0, 0
107, 0, 0, 592, 592, 2, 9.18%, 0, 2, 2, 625.99, 65678, 1950, 0, 0
112, 0, 0, 594, 594, 2, 9.19%, 0, 2, 2, 629.02, 68956, 1951, 0, 0
117, 0, 0, 597, 597, 2, 9.19%, 0, 2, 2, 635.30, 72265, 1952, 0, 0
122, 0, 1, 601, 600, 126, 9.20%, 0, 2, 2, 635.49, 75565, 1954, 0, 0
127, 0, 1, 621, 620, 126, 9.27%, 0, 2, 2, 560.91, 78271, 1969, 0, 0
132, 0, 1, 800, 799, 126, 10.42%, 0, 2, 2, 572.84, 81168, 2213, 0, 0
137, 0, 1, 923, 922, 126, 10.82%, 0, 2, 2, 576.22, 84056, 2297, 0, 0
142, 0, 1, 991, 990, 126, 10.99%, 0, 2, 2, 570.90, 86694, 2333, 0, 0
147, 0, 1, 1044, 1043, 126, 11.12%, 0, 2, 2, 566.97, 89658, 2362, 0, 0
153, 0, 1, 1076, 1075, 126, 11.14%, 0, 2, 2, 565.10, 92489, 2365, 0, 0
158, 0, 1, 1108, 1107, 126, 11.19%, 0, 2, 2, 571.16, 95451, 2377, 0, 0
163, 0, 1, 1128, 1127, 126, 11.38%, 0, 2, 2, 542.73, 98144, 2417, 0, 0
168, 0, 1, 1158, 1157, 126, 11.48%, 0, 2, 2, 584.38, 101129, 2438, 0, 0
173, 0, 1, 1180, 1179, 126, 11.48%, 0, 2, 2, 548.25, 103670, 2439, 0, 0
178, 0, 1, 1218, 1217, 126, 11.49%, 0, 2, 2, 552.59, 106415, 2441, 0, 0
183, 0, 1, 1237, 1236, 126, 11.50%, 0, 2, 2, 566.69, 109375, 2443, 0, 0
188, 0, 1, 1253, 1252, 126, 11.53%, 0, 2, 2, 577.15, 112270, 2448, 0, 0
193, 0, 1, 1263, 1262, 126, 11.53%, 0, 2, 2, 581.02, 115277, 2449, 0, 0
199, 0, 1, 1270, 1269, 126, 11.53%, 0, 3, 2, 562.16, 117516, 2449, 0, 0
204, 0, 1, 1281, 1280, 126, 11.54%, 0, 3, 2, 582.59, 120552, 2450, 0, 0
209, 0, 1, 1291, 1290, 126, 11.56%, 0, 3, 2, 563.45, 123153, 2455, 0, 0
214, 0, 1, 1299, 1298, 126, 11.58%, 0, 3, 2, 583.74, 126190, 2459, 0, 0
219, 0, 1, 1308, 1307, 126, 11.59%, 0, 3, 2, 580.19, 129190, 2461, 0, 0
224, 0, 1, 1316, 1315, 126, 11.59%, 0, 3, 2, 528.30, 131855, 2462, 0, 0
229, 0, 1, 1323, 1322, 126, 11.60%, 0, 3, 2, 578.80, 134894, 2463, 0, 0
235, 0, 1, 1329, 1328, 126, 11.60%, 1, 3, 2, 580.64, 137929, 2464, 1, 0
240, 0, 1, 1335, 1334, 126, 11.61%, 1, 3, 2, 573.76, 140600, 2465, 1, 0
245, 0, 1, 1339, 1338, 126, 11.65%, 1, 3, 2, 582.94, 143521, 2474, 1, 0
250, 0, 1, 1341, 1340, 126, 11.65%, 1, 3, 2, 595.38, 146593, 2474, 1, 0
255, 0, 1, 1346, 1345, 126, 11.65%, 2, 3, 2, 589.88, 149654, 2475, 2, 0
260, 0, 1, 1354, 1353, 126, 11.67%, 2, 3, 2, 594.86, 152691, 2479, 2, 0
265, 0, 1, 1356, 1355, 126, 11.68%, 2, 3, 2, 592.35, 155741, 2480, 2, 0
270, 0, 1107, 1358, 1355, 199, 11.68%, 2, 3, 2, 569.71, 158551, 2480, 2, 0
276, 0, 1140, 1360, 1355, 198, 11.68%, 2, 3, 3, 578.61, 161477, 2480, 2, 0
281, 0, 36, 1377, 1371, 198, 11.69%, 2, 3, 3, 663.18, 164980, 2483, 2, 0
286, 0, 36, 1381, 1375, 198, 11.70%, 2, 3, 3, 687.77, 168576, 2484, 2, 0
291, 0, 36, 1386, 1380, 198, 11.70%, 2, 3, 3, 642.85, 171758, 2484, 2, 0
296, 0, 36, 1391, 1385, 198, 11.70%, 2, 3, 3, 687.42, 175330, 2484, 2, 0
301, 0, 1341, 1392, 1383, 199, 11.70%, 2, 3, 3, 574.92, 178174, 2484, 2, 0
306, 0, 1341, 1406, 1397, 199, 11.73%, 2, 3, 3, 514.58, 180615, 2491, 2, 0
312, 0, 1341, 1427, 1418, 199, 11.77%, 2, 3, 3, 523.57, 183326, 2500, 2, 0
317, 0, 1341, 1437, 1428, 199, 11.78%, 2, 3, 3, 547.22, 186090, 2502, 2, 0
322, 0, 1341, 1446, 1437, 199, 11.79%, 2, 3, 3, 545.10, 188826, 2503, 2, 0
327, 0, 1341, 1453, 1444, 199, 11.80%, 2, 3, 3, 547.50, 191642, 2505, 2, 0
332, 0, 1341, 1464, 1455, 199, 11.80%, 2, 3, 3, 545.46, 194379, 2507, 2, 0
337, 0, 1341, 1466, 1457, 199, 11.80%, 2, 3, 3, 516.23, 196883, 2507, 2, 0
342, 0, 1341, 1469, 1460, 199, 11.80%, 2, 3, 3, 512.70, 199454, 2507, 2, 0
347, 0, 1341, 1477, 1468, 199, 11.80%, 2, 3, 3, 527.86, 202210, 2507, 2, 0
352, 0, 1341, 1479, 1470, 199, 11.80%, 2, 3, 3, 528.30, 204854, 2507, 2, 0
357, 0, 1341, 1484, 1475, 199, 11.82%, 2, 3, 3, 531.20, 207509, 2511, 2, 0
362, 0, 1341, 1486, 1477, 199, 11.82%, 2, 3, 3, 543.18, 210373, 2511, 2, 0
368, 0, 1341, 1491, 1482, 199, 11.82%, 2, 3, 3, 525.82, 213009, 2511, 2, 0
373, 0, 1341, 1495, 1486, 199, 11.82%, 2, 3, 3, 528.54, 215547, 2511, 2, 0
378, 0, 1341, 1502, 1493, 199, 11.96%, 2, 3, 3, 547.64, 218356, 2539, 2, 0
383, 0, 1341, 1504, 1495, 199, 11.96%, 2, 3, 3, 550.39, 221148, 2539, 2, 0
388, 0, 918, 1504, 1493, 208, 11.96%, 2, 3, 3, 577.79, 224055, 2539, 2, 0
393, 0, 1330, 1504, 1492, 207, 11.96%, 2, 3, 3, 561.46, 226979, 2539, 2, 0
398, 0, 859, 1504, 1487, 202, 11.96%, 2, 3, 3, 594.36, 230132, 2539, 2, 0
403, 0, 1274, 1504, 1486, 202, 11.96%, 2, 3, 3, 498.29, 232543, 2539, 2, 0
409, 0, 142, 1507, 1484, 198, 11.97%, 2, 3, 3, 595.60, 235580, 2543, 2, 0
414, 0, 622, 1507, 1482, 196, 11.97%, 2, 3, 3, 580.93, 238566, 2543, 2, 0
419, 0, 170, 1514, 1486, 195, 11.99%, 2, 3, 3, 613.27, 241739, 2547, 2, 0
424, 0, 170, 1518, 1490, 195, 11.99%, 2, 3, 3, 636.05, 245019, 2547, 2, 0
429, 0, 170, 1519, 1491, 195, 11.99%, 2, 3, 3, 632.46, 248182, 2547, 2, 0
434, 0, 170, 1520, 1492, 195, 11.99%, 2, 3, 3, 653.85, 251164, 2547, 2, 0
439, 0, 170, 1523, 1495, 195, 12.00%, 2, 3, 3, 645.05, 254450, 2549, 2, 0
444, 0, 1499, 1524, 1492, 193, 12.00%, 2, 3, 3, 597.79, 257483, 2549, 2, 0
449, 0, 1289, 1525, 1491, 191, 12.00%, 2, 3, 3, 557.53, 260286, 2549, 2, 0
454, 0, 804, 1532, 1497, 190, 12.01%, 2, 3, 3, 542.84, 262964, 2550, 2, 0
459, 0, 804, 1537, 1502, 190, 12.01%, 2, 3, 3, 566.28, 265841, 2550, 2, 0
465, 0, 804, 1544, 1509, 190, 12.01%, 2, 3, 3, 577.14, 268827, 2550, 2, 0
470, 0, 804, 1546, 1511, 190, 12.01%, 2, 3, 3, 560.06, 271525, 2550, 2, 0
475, 0, 1146, 1549, 1511, 188, 12.01%, 2, 3, 4, 598.56, 274730, 2550, 2, 0
480, 0, 1406, 1552, 1512, 187, 12.01%, 2, 3, 4, 563.91, 277639, 2550, 2, 0
485, 0, 1135, 1552, 1511, 186, 12.01%, 2, 3, 4, 314.06, 279072, 2550, 2, 0
490, 0, 1135, 1552, 1511, 186, 12.01%, 2, 3, 4, 225.70, 280120, 2550, 2, 0
495, 0, 211, 1555, 1512, 185, 12.02%, 2, 3, 4, 519.22, 282737, 2552, 2, 0
500, 0, 1443, 1555, 1508, 181, 12.02%, 2, 3, 4, 554.89, 285599, 2552, 2, 0
505, 0, 1141, 1556, 1507, 179, 12.02%, 2, 3, 4, 582.49, 288579, 2552, 2, 0
511, 0, 218, 1556, 1504, 176, 12.02%, 2, 3, 4, 623.54, 291776, 2552, 2, 0
516, 0, 880, 1556, 1501, 174, 12.02%, 2, 3, 4, 576.46, 294649, 2552, 2, 0
521, 0, 1153, 1556, 1499, 172, 12.02%, 2, 3, 4, 554.90, 297415, 2552, 2, 0
526, 0, 1153, 1566, 1509, 172, 12.02%, 2, 3, 4, 535.56, 300052, 2552, 2, 0
531, 0, 1153, 1576, 1519, 172, 12.02%, 2, 3, 4, 529.74, 302788, 2552, 2, 0
536, 0, 1153, 1583, 1526, 172, 12.03%, 2, 3, 4, 547.11, 305357, 2554, 2, 0
541, 0, 1153, 1586, 1529, 172, 12.03%, 2, 3, 4, 564.07, 308234, 2554, 2, 0
546, 0, 1153, 1589, 1532, 172, 12.03%, 2, 3, 4, 573.96, 311126, 2554, 2, 0
551, 0, 1153, 1591, 1534, 172, 12.03%, 2, 3, 4, 558.86, 313945, 2554, 2, 0
556, 0, 1153, 1594, 1537, 172, 12.04%, 2, 4, 4, 559.60, 316255, 2556, 2, 0
561, 0, 1153, 1597, 1540, 172, 12.04%, 2, 4, 4, 561.41, 319092, 2557, 2, 0
566, 0, 1153, 1600, 1543, 172, 12.04%, 2, 4, 4, 547.67, 321707, 2557, 2, 0
571, 0, 1153, 1601, 1544, 172, 12.04%, 2, 4, 4, 569.18, 324587, 2557, 2, 0
576, 0, 1153, 1605, 1548, 172, 12.04%, 2, 4, 4, 572.92, 327475, 2557, 2, 0
581, 0, 1153, 1608, 1551, 172, 12.04%, 2, 4, 4, 566.17, 330323, 2557, 2, 0
587, 0, 1153, 1611, 1554, 172, 12.04%, 2, 4, 4, 570.00, 333204, 2557, 2, 0
592, 0, 1153, 1614, 1557, 172, 12.04%, 2, 4, 4, 565.46, 336052, 2557, 2, 0
597, 0, 1153, 1618, 1561, 172, 12.04%, 2, 4, 4, 66.94, 338841, 2557, 2, 0
602, 0, 232, 1622, 1564, 174, 12.04%, 2, 4, 4, 569.51, 341679, 2557, 2, 0
607, 0, 232, 1636, 1578, 174, 12.17%, 2, 4, 4, 664.39, 345217, 2585, 2, 0
612, 0, 232, 1638, 1580, 174, 12.18%, 3, 4, 4, 679.84, 348650, 2586, 3, 0
617, 0, 232, 1638, 1580, 174, 12.18%, 3, 4, 4, 671.67, 352030, 2586, 3, 0
622, 0, 1495, 1641, 1581, 178, 12.18%, 3, 4, 4, 647.79, 355333, 2586, 3, 0
627, 0, 1495, 1648, 1588, 178, 12.18%, 3, 4, 4, 558.48, 357987, 2586, 3, 0
632, 0, 1495, 1656, 1596, 178, 12.18%, 3, 4, 4, 530.25, 360524, 2586, 3, 0
637, 0, 1495, 1656, 1596, 178, 12.18%, 3, 4, 4, 538.94, 363314, 2586, 3, 0
643, 0, 1495, 1657, 1597, 178, 12.18%, 3, 4, 4, 539.74, 366091, 2586, 3, 0
648, 0, 1595, 1657, 1592, 175, 12.18%, 3, 4, 4, 547.14, 368940, 2586, 3, 0
652, 0, 255, 1657, 1588, 171, 12.18%, 3, 4, 4, 602.15, 371468, 2586, 3, 0
